Protein(% kcal) 5-20 10-30 10-30 10-30 10-35 10-35 10-35 10-30 10-30 10-30 10-35 10-35 10-35
Protein(g) 13 19 34 46 46 46 46 19 34 52 56 56 56
Carbohydrate(% kcal) 45-65 45-65 45-65 45-65 45-65 45-65 45-65 45-65 45-65 45-65 45-65 45-65 45-65
Carbohydrate(g) 130 130 130 130 130 130 130 130 130 130 130 130 130
Fiber(g) 14 17 22 25 28 25 22 20 25 31 34 31 28
Added Sugars(% kcal) <10 <10 <10 <10 <10 <10 <10 <10 <10 <10 <10 <10 <10
Total lipid(% kcal) 30-40 25-35 25-35 25-35 20-35 20-35 20-35 25-35 25-35 25-35 20-35 20-35 20-35
Saturated Fatty Acids(% kcal) <10 <10 <10 <10 <10 <10 <10 <10 <10 <10 <10 <10 <10
18:2 Linoleic acid (g) 7 10 10 11 12 12 11 10 12 16 17 17 14
18:3 Linoleic acid (g) 0.7 0.9 1.0 1.1 1.1 1.1 1.1 0.9 1.2 1.6 1.6 1.6 1.6
Calcium(mg) 700 1,000 1,300 1,300 1,000 1,000 1,200 1,000 1,300 1,300 1,000 1,000 1,000
Iron(mg) 7 10 8 15 18 18 8 10 8 11 8 8 8
Magnesium(mg) 80 130 240 360 310 320 320 130 240 410 40 420 420
Phosphorus(mg) 460 500 1,250 1,250 700 700 700 500 1,250 1,250 700 700 700
Potassium(mg) 2,000 2,300 2,300 2,300 2,600 2,600 2,600 2,300 2,500 3,000 3,400 3,400 3,400
Sodium(mg) 1,200 1,500 1,800 2,300 2,300 2,300 2,300 1,500 1,800 2,300 2,300 2,300 2,300
Zinc(mg) 3 5 8 9 8 8 8 5 8 11 11 11 11
Vitamin A(mcg RAE) 300 400 600 700 700 700 700 400 600 900 900 900 900
Vitamin E(mg ATd) 6 7 11 15 15 15 15 7 11 15 15 15 15
Vitamin D(IUd) 600 600 600 600 600 600 600c 600 600 600 600 600 600c
Vitamin C(mg) 15 25 45 65 75 75 75 25 45 75 90 90 90
Thiamin(mg) 0.5 0.6 0.9 1.0 1.1 1.1 1.1 0.6 0.9 1.2 1.2 1.2 1.2
Riboflavin(mg) 0.5 0.6 0.9 1.0 1.1 1.1 1.1 0.6 0.9 1.3 1.3 1.3 1.3
Niacin(mg) 6 8 12 14 14 14 14 8 12 16 16 16 16
Vitamin B-6(mg) 0.5 0.6 1.0 1.2 1.3 1.3 1.5 0.6 1.0 1.3 1.3 1.3 1.7
Vitamin B-12(mcg) 0.9 1.2 1.8 2.4 2.4 2.4 2.4 1.2 1.8 2.4 2.4 2.4 2.4
Choline(mg) 200 250 375 400 425 425 425 250 375 550 550 550 550
Vitamin K(mcg) 30 55 60 75 90 90 90 55 60 75 120 120 120
Folate(mcg DFEd) 150 200 300 400 400 400 400 200 300 400 400 400 400